<?xml version="1.0" encoding="UTF-8" standalone="no" ?>
<SimscapeMultibodyImportXML version="2.0" xmlns="urn:mathworks:SimscapeMultibody:import" xmlns:xsi="http://www.w3.org/2001/XMLSchema-instance">
<Created by="" on="08/13/20||20:47:27" using="Simscape Multibody Link Version 7.0" from="SolidWorks 25.2.0"/>
<ModelUnits mass="kilogram" length="meter"/>
<DataUnits mass="kilogram" length="meter"/>
<RootAssembly name="AUV" uid="AUV" version="631">
<AssemblyFile name="AUV.SLDASM" type="SolidWorks Assembly"/>
<InstanceTree>
<Instance name="AUVBody^AUV-1" uid="AUVBody^AUV-1" grounded="true" entityUid="AUVBody^AUV" rigid="true">
<Transform>
<Rotation>1 0 0 0 1 0 0 0 1</Rotation>
<Translation>0 0 0</Translation>
</Transform>
<Instance name="BowVerThrusterTunnel^AUVBody_AUV-1" uid="BowVerThrusterTunnel^AUVBody_AUV-1" entityUid="BowVerThrusterTunnel^AUVBody_AUV" rigid="true">
<Transform>
<Rotation>1 0 0 0 1 0 0 0 1</Rotation>
<Translation>0 0 0</Translation>
</Transform>
<Instance name="BowVerThrusterPropMount^BowVerThrusterTunnel_AUVBody_AUV-1" uid="BowVerThrusterPropMount^BowVerThrusterTunnel_AUVBody_AUV-1" entityUid="BowVerThrusterPropMount^BowVerThrusterTunnel_AUVBody_AUV" rigid="true">
<Transform>
<Rotation>1 0 0 0 1 0 0 0 1</Rotation>
<Translation>0 0 0</Translation>
</Transform>
<Instance name="Tunnel_Thruster_Prop_Hub-2" uid="Tunnel_Thruster_Prop_Hub-2" entityUid="Tunnel_Thruster_Prop_Hub*:*Default">
<Transform>
<Rotation>0 0 1 -1 0 0 0 -1 0</Rotation>
<Translation>0 -0.010723637252151301 -0.38500000006830298</Translation>
</Transform>
</Instance>
<Instance name="Tunnel_Thruster_Washer-1" uid="Tunnel_Thruster_Washer-1" entityUid="Tunnel_Thruster_Washer*:*Default">
<Transform>
<Rotation>0 0 1 1 0 0 0 1 0</Rotation>
<Translation>0 -0.031185377369782101 -0.38500000000000001</Translation>
</Transform>
</Instance>
<Instance name="Tunnel_Thruster_Prop_Hub-1" uid="Tunnel_Thruster_Prop_Hub-1" entityUid="Tunnel_Thruster_Prop_Hub*:*Default">
<Transform>
<Rotation>0 1 0 1 0 0 0 0 -1</Rotation>
<Translation>0 0.010723637252151301 -0.38499999982650396</Translation>
</Transform>
</Instance>
<Instance name="Tunnel_Thruster_Shoulder_Bolt-1" uid="Tunnel_Thruster_Shoulder_Bolt-1" entityUid="Tunnel_Thruster_Shoulder_Bolt*:*Default">
<Transform>
<Rotation>0 0 1 -1 0 0 0 -1 0</Rotation>
<Translation>0 -0.052334183579346279 -0.38500000000000001</Translation>
</Transform>
</Instance>
<Instance name="Tunnel_Thruster_Shoulder_Bolt-2" uid="Tunnel_Thruster_Shoulder_Bolt-2" entityUid="Tunnel_Thruster_Shoulder_Bolt*:*Default">
<Transform>
<Rotation>0 0 1 1 0 0 0 1 0</Rotation>
<Translation>0 0.052334183579346182 -0.38500000000000001</Translation>
</Transform>
</Instance>
<Instance name="Tunnel_Thruster_Washer-2" uid="Tunnel_Thruster_Washer-2" entityUid="Tunnel_Thruster_Washer*:*Default">
<Transform>
<Rotation>0 0 1 1 0 0 0 1 0</Rotation>
<Translation>0 0.051275148168721911 -0.38500000000000001</Translation>
</Transform>
</Instance>
<Instance name="Tunnel_Thruster_Prop_Mount-1" uid="Tunnel_Thruster_Prop_Mount-1" entityUid="Tunnel_Thruster_Prop_Mount*:*Default">
<Transform>
<Rotation>0 0 1 0 1 0 -1 0 0</Rotation>
<Translation>0 -0.040000000000000001 -0.38500000000000001</Translation>
</Transform>
</Instance>
</Instance>
<Instance name="Bow_Vertical_Thruster_Tunnel-1" uid="Bow_Vertical_Thruster_Tunnel-1" entityUid="Bow_Vertical_Thruster_Tunnel*:*Default">
<Transform>
<Rotation>1 0 0 0 1 0 0 0 1</Rotation>
<Translation>0 0 0</Translation>
</Transform>
</Instance>
</Instance>
<Instance name="SternVerThrusterTunnel^AUVBody_AUV-1" uid="SternVerThrusterTunnel^AUVBody_AUV-1" entityUid="SternVerThrusterTunnel^AUVBody_AUV" rigid="true">
<Transform>
<Rotation>1 0 0 0 1 0 0 0 1</Rotation>
<Translation>0 0 0</Translation>
</Transform>
<Instance name="SternVerThrusterPropMount^SternVerThrusterTunnel_AUVBody_AUV-1" uid="SternVerThrusterPropMount^SternVerThrusterTunnel_AUVBody_AUV-1" entityUid="SternVerThrusterPropMount^SternVerThrusterTunnel_AUVBody_AUV" rigid="true">
<Transform>
<Rotation>1 0 0 0 1 0 0 0 1</Rotation>
<Translation>0 0 0</Translation>
</Transform>
<Instance name="Tunnel_Thruster_Prop_Hub-1" uid="Tunnel_Thruster_Prop_Hub-1" entityUid="Tunnel_Thruster_Prop_Hub*:*Default">
<Transform>
<Rotation>0 -1 0 1 0 0 0 0 1</Rotation>
<Translation>0 0.010723637252151301 -1.2650000001735</Translation>
</Transform>
</Instance>
<Instance name="Tunnel_Thruster_Shoulder_Bolt-1" uid="Tunnel_Thruster_Shoulder_Bolt-1" entityUid="Tunnel_Thruster_Shoulder_Bolt*:*Default">
<Transform>
<Rotation>0 0 -1 -1 0 0 0 1 0</Rotation>
<Translation>0 -0.052334183579346279 -1.2650000000000001</Translation>
</Transform>
</Instance>
<Instance name="Tunnel_Thruster_Washer-1" uid="Tunnel_Thruster_Washer-1" entityUid="Tunnel_Thruster_Washer*:*Default">
<Transform>
<Rotation>0 0 -1 1 0 0 0 -1 0</Rotation>
<Translation>0 -0.031185377369782101 -1.2650000000000001</Translation>
</Transform>
</Instance>
<Instance name="Tunnel_Thruster_Washer-2" uid="Tunnel_Thruster_Washer-2" entityUid="Tunnel_Thruster_Washer*:*Default">
<Transform>
<Rotation>0 0 -1 1 0 0 0 -1 0</Rotation>
<Translation>0 0.051275148168721911 -1.2650000000000001</Translation>
</Transform>
</Instance>
<Instance name="Tunnel_Thruster_Prop_Mount-1" uid="Tunnel_Thruster_Prop_Mount-1" entityUid="Tunnel_Thruster_Prop_Mount*:*Default">
<Transform>
<Rotation>0 0 -1 0 1 0 1 0 0</Rotation>
<Translation>0 -0.040000000000000001 -1.2650000000000001</Translation>
</Transform>
</Instance>
<Instance name="Tunnel_Thruster_Prop_Hub-2" uid="Tunnel_Thruster_Prop_Hub-2" entityUid="Tunnel_Thruster_Prop_Hub*:*Default">
<Transform>
<Rotation>0 0 -1 -1 0 0 0 1 0</Rotation>
<Translation>0 -0.010723637252151301 -1.2649999999317001</Translation>
</Transform>
</Instance>
<Instance name="Tunnel_Thruster_Shoulder_Bolt-2" uid="Tunnel_Thruster_Shoulder_Bolt-2" entityUid="Tunnel_Thruster_Shoulder_Bolt*:*Default">
<Transform>
<Rotation>0 0 -1 1 0 0 0 -1 0</Rotation>
<Translation>0 0.052334183579346182 -1.2650000000000001</Translation>
</Transform>
</Instance>
</Instance>
<Instance name="Stern_Vertical_Thruster_Tunnel-1" uid="Stern_Vertical_Thruster_Tunnel-1" entityUid="Stern_Vertical_Thruster_Tunnel*:*Default">
<Transform>
<Rotation>1 0 0 0 1 0 0 0 1</Rotation>
<Translation>0 0 0</Translation>
</Transform>
</Instance>
</Instance>
<Instance name="BowHullCap^AUVBody_AUV-1" uid="BowHullCap^AUVBody_AUV-1" entityUid="BowHullCap^AUVBody_AUV" rigid="true">
<Transform>
<Rotation>1 0 0 0 1 0 0 0 1</Rotation>
<Translation>0 0 0</Translation>
</Transform>
<Instance name="FCamera-3" uid="FCamera-3" entityUid="FCamera*:*Default">
<Transform>
<Rotation>1 0 0 0 -1 6.9829626776862667e-15 0 -6.9829626776862667e-15 -1</Rotation>
<Translation>0 0 0.01</Translation>
</Transform>
</Instance>
<Instance name="Bow_Sensors-1" uid="Bow_Sensors-1" entityUid="Bow_Sensors*:*Default">
<Transform>
<Rotation>1 0 0 0 0.86602540378443815 0.500000000000001 0 -0.500000000000001 0.86602540378443815</Rotation>
<Translation>0 -0.14644434023445796 -0.0587777450805404</Translation>
</Transform>
</Instance>
<Instance name="Bow_Hull_Cap-1" uid="Bow_Hull_Cap-1" entityUid="Bow_Hull_Cap*:*Default">
<Transform>
<Rotation>1 0 0 0 1 0 0 0 1</Rotation>
<Translation>0 0 0</Translation>
</Transform>
</Instance>
</Instance>
<Instance name="MainHull^AUVBody_AUV-1" uid="MainHull^AUVBody_AUV-1" entityUid="MainHull^AUVBody_AUV" rigid="true">
<Transform>
<Rotation>1 0 0 0 1 0 0 0 1</Rotation>
<Translation>0 0 0</Translation>
</Transform>
<Instance name="DVL-1" uid="DVL-1" entityUid="DVL*:*Default">
<Transform>
<Rotation>-0.70710678118654891 0 0.70710678118654591 0 -1 0 0.70710678118654591 0 0.70710678118654891</Rotation>
<Translation>0 0 -0.56300000000000006</Translation>
</Transform>
</Instance>
<Instance name="Main_Hull-1" uid="Main_Hull-1" entityUid="Main_Hull*:*Default">
<Transform>
<Rotation>1 0 0 0 1 0 0 0 1</Rotation>
<Translation>0 0 0</Translation>
</Transform>
</Instance>
<Instance name="ElectronicBoards^MainHull_AUVBody_AUV-1" uid="ElectronicBoards^MainHull_AUVBody_AUV-1" entityUid="ElectronicBoards^MainHull_AUVBody_AUV" rigid="true">
<Transform>
<Rotation>1 0 0 0 1 0 0 0 1</Rotation>
<Translation>0 0 0</Translation>
</Transform>
<Instance name="CPU-1" uid="CPU-1" entityUid="CPU*:*Default">
<Transform>
<Rotation>0 0 -1 0 1 0 1 0 0</Rotation>
<Translation>0 0.029221029839412199 -0.51800000000000102</Translation>
</Transform>
</Instance>
<Instance name="Serial_Card-1" uid="Serial_Card-1" entityUid="Serial_Card*:*Default">
<Transform>
<Rotation>-1 0 0 0 1 0 0 0 -1</Rotation>
<Translation>0 0.046221029839412099 -0.51800000000000002</Translation>
</Transform>
</Instance>
<Instance name="IMU-1" uid="IMU-1" entityUid="IMU*:*Default">
<Transform>
<Rotation>-1 0 0 0 1 0 0 0 -1</Rotation>
<Translation>0 0.012221029839412201 -0.51800000000000002</Translation>
</Transform>
</Instance>
<Instance name="Electronics_Stand-1" uid="Electronics_Stand-1" entityUid="Electronics_Stand*:*Default">
<Transform>
<Rotation>-1 0 0 0 1 0 0 0 -1</Rotation>
<Translation>0 0.012221029839412201 -0.51800000000000002</Translation>
</Transform>
</Instance>
</Instance>
<Instance name="GPS_Receiver-1" uid="GPS_Receiver-1" entityUid="GPS_Receiver*:*Default">
<Transform>
<Rotation>1 0 0 0 1 0 0 0 1</Rotation>
<Translation>0 0.16277009169652695 -0.93000000000000005</Translation>
</Transform>
</Instance>
<Instance name="StarboardMotor^MainHull_AUVBody_AUV-1" uid="StarboardMotor^MainHull_AUVBody_AUV-1" entityUid="StarboardMotor^MainHull_AUVBody_AUV" rigid="true">
<Transform>
<Rotation>1 0 0 0 1 0 0 0 1</Rotation>
<Translation>0 0 0</Translation>
</Transform>
<Instance name="Main_Prop_Nozzle-1" uid="Main_Prop_Nozzle-1" entityUid="Main_Prop_Nozzle*:*Default">
<Transform>
<Rotation>0 0.75079883213968512 0.66053093315732381 0 0.66053093315732381 -0.75079883213968512 -1 0 0</Rotation>
<Translation>-0.22238890117466004 -0.12839629195797306 -1.01063635428379</Translation>
</Transform>
</Instance>
<Instance name="Motor_Connector_Body-1" uid="Motor_Connector_Body-1" entityUid="Motor_Connector_Body*:*Default">
<Transform>
<Rotation>0 0 1 0 1 0 -1 0 0</Rotation>
<Translation>-0.22238890117466004 -0.12839629195797306 -0.89300249999999892</Translation>
</Transform>
</Instance>
<Instance name="Main_Prop_Washer-1" uid="Main_Prop_Washer-1" entityUid="Main_Prop_Washer*:*Default">
<Transform>
<Rotation>0 0 1 0 1 0 -1 0 0</Rotation>
<Translation>-0.22238890117466004 -0.12839629195797306 -1.0961016843415201</Translation>
</Transform>
</Instance>
<Instance name="Main_Prop_Shoulder_Bolt-1" uid="Main_Prop_Shoulder_Bolt-1" entityUid="Main_Prop_Shoulder_Bolt*:*Default">
<Transform>
<Rotation>0 0 1 0 1 0 -1 0 0</Rotation>
<Translation>-0.22238890117466004 -0.12839629195797306 -1.0961016843415201</Translation>
</Transform>
</Instance>
<Instance name="Motor_Gear_Housing-1" uid="Motor_Gear_Housing-1" entityUid="Motor_Gear_Housing*:*Default">
<Transform>
<Rotation>0 0.75079883213968512 0.66053093315732381 0 0.66053093315732381 -0.75079883213968512 -1 0 0</Rotation>
<Translation>-0.22238890117466004 -0.12839629195797306 -1.01430179894205</Translation>
</Transform>
</Instance>
<Instance name="Main_Prop_Nozzle_Strut-2" uid="Main_Prop_Nozzle_Strut-2" entityUid="Main_Prop_Nozzle_Strut*:*Default">
<Transform>
<Rotation>0.092524284385722716 0.97989975840488297 0.17673630152563957 0.45828513885377392 0.11567071418430115 -0.88124628645224412 -0.88397623740951714 0.16253230250674972 -0.43837114678907335</Rotation>
<Translation>-0.21841099083481999 -0.14823103266807697 -1.00451931588952</Translation>
</Transform>
</Instance>
<Instance name="Main_Prop_Nozzle_Strut-3" uid="Main_Prop_Nozzle_Strut-3" entityUid="Main_Prop_Nozzle_Strut*:*Default">
<Transform>
<Rotation>0.35062443023138479 -0.38977610224494719 -0.85154982182116234 -0.30927095017189787 -0.90645344103301362 0.28756501633401182 -0.88397623740951781 0.16253230250674944 -0.43837114678907219</Rotation>
<Translation>-0.24155524567700801 -0.12192389301119901 -1.00451931588952</Translation>
</Transform>
</Instance>
<Instance name="Motor_Connector_Molding-1" uid="Motor_Connector_Molding-1" entityUid="Motor_Connector_Molding*:*Default">
<Transform>
<Rotation>1 0 0 0 1 0 0 0 1</Rotation>
<Translation>-0.22238890117466004 -0.12839629195797306 -0.87204749999999887</Translation>
</Transform>
</Instance>
<Instance name="Motor_Housing_Endbell-1" uid="Motor_Housing_Endbell-1" entityUid="Motor_Housing_Endbell*:*Default">
<Transform>
<Rotation>0 0 1 0 1 0 -1 0 0</Rotation>
<Translation>-0.22238890117466004 -0.12839629195797306 -0.86601499999999798</Translation>
</Transform>
</Instance>
<Instance name="Motor_Membrane_Seal-1" uid="Motor_Membrane_Seal-1" entityUid="Motor_Membrane_Seal*:*Default">
<Transform>
<Rotation>0 -0.19663715202984103 0.98047632834331788 0 0.98047632834331788 0.19663715202984103 -1 0 0</Rotation>
<Translation>-0.22238890117466004 -0.12839629195797306 -1.00684054894205</Translation>
</Transform>
</Instance>
<Instance name="Main_Prop_Nozzle_Strut-1" uid="Main_Prop_Nozzle_Strut-1" entityUid="Main_Prop_Nozzle_Strut*:*Default">
<Transform>
<Rotation>-0.44314871461710686 -0.59012365615993601 0.67481352029552255 -0.14901418868187499 0.79078272684871176 0.59368127011823291 -0.88397623740951792 0.1625323025067491 -0.43837114678907196</Rotation>
<Translation>-0.20720046701215303 -0.11503395019464301 -1.00451931588952</Translation>
</Transform>
</Instance>
<Instance name="Motor_Housing-1" uid="Motor_Housing-1" entityUid="Motor_Housing*:*Default">
<Transform>
<Rotation>0 0 1 0 1 0 -1 0 0</Rotation>
<Translation>-0.22238890117466004 -0.12839629195797306 -0.98729999999999996</Translation>
</Transform>
</Instance>
</Instance>
<Instance name="Camera-1" uid="Camera-1" entityUid="Camera*:*Default">
<Transform>
<Rotation>1 0 0 0 0 -1 0 1 0</Rotation>
<Translation>0 -0.050361541071658092 -0.70646444505975803</Translation>
</Transform>
</Instance>
<Instance name="PortMotor^MainHull_AUVBody_AUV-1" uid="PortMotor^MainHull_AUVBody_AUV-1" entityUid="PortMotor^MainHull_AUVBody_AUV" rigid="true">
<Transform>
<Rotation>1 0 0 0 1 0 0 0 1</Rotation>
<Translation>0 0 0</Translation>
</Transform>
<Instance name="Motor_Housing_Endbell-1" uid="Motor_Housing_Endbell-1" entityUid="Motor_Housing_Endbell*:*Default">
<Transform>
<Rotation>0 0 1 0 1 0 -1 0 0</Rotation>
<Translation>0.22238890117466004 -0.12839629195797306 -0.86621343749999902</Translation>
</Transform>
</Instance>
<Instance name="Main_Prop_Nozzle-1" uid="Main_Prop_Nozzle-1" entityUid="Main_Prop_Nozzle*:*Default">
<Transform>
<Rotation>0 0.75079883213968512 0.66053093315732381 0 0.66053093315732381 -0.75079883213968512 -1 0 0</Rotation>
<Translation>0.22238890117466004 -0.12839629195797306 -1.0108347917837899</Translation>
</Transform>
</Instance>
<Instance name="Motor_Membrane_Seal-1" uid="Motor_Membrane_Seal-1" entityUid="Motor_Membrane_Seal*:*Default">
<Transform>
<Rotation>0 -0.19663715202984103 0.98047632834331788 0 0.98047632834331788 0.19663715202984103 -1 0 0</Rotation>
<Translation>0.22238890117466004 -0.12839629195797306 -1.0070389864420501</Translation>
</Transform>
</Instance>
<Instance name="Main_Prop_Nozzle_Strut-1" uid="Main_Prop_Nozzle_Strut-1" entityUid="Main_Prop_Nozzle_Strut*:*Default">
<Transform>
<Rotation>-0.44314871461710686 -0.59012365615993601 0.67481352029552255 -0.14901418868187499 0.79078272684871176 0.59368127011823291 -0.88397623740951792 0.1625323025067491 -0.43837114678907196</Rotation>
<Translation>0.23757733533716799 -0.11503395019464301 -1.00471775338952</Translation>
</Transform>
</Instance>
<Instance name="Main_Prop_Nozzle_Strut-2" uid="Main_Prop_Nozzle_Strut-2" entityUid="Main_Prop_Nozzle_Strut*:*Default">
<Transform>
<Rotation>0.092524284385722716 0.97989975840488297 0.17673630152563957 0.45828513885377392 0.11567071418430115 -0.88124628645224412 -0.88397623740951714 0.16253230250674972 -0.43837114678907335</Rotation>
<Translation>0.2263668115145 -0.14823103266807697 -1.00471775338952</Translation>
</Transform>
</Instance>
<Instance name="Main_Prop_Nozzle_Strut-3" uid="Main_Prop_Nozzle_Strut-3" entityUid="Main_Prop_Nozzle_Strut*:*Default">
<Transform>
<Rotation>0.35062443023138479 -0.38977610224494719 -0.85154982182116234 -0.30927095017189787 -0.90645344103301362 0.28756501633401182 -0.88397623740951781 0.16253230250674944 -0.43837114678907219</Rotation>
<Translation>0.20322255667231301 -0.12192389301119901 -1.00471775338952</Translation>
</Transform>
</Instance>
<Instance name="Motor_Gear_Housing-1" uid="Motor_Gear_Housing-1" entityUid="Motor_Gear_Housing*:*Default">
<Transform>
<Rotation>0 0.75079883213968512 0.66053093315732381 0 0.66053093315732381 -0.75079883213968512 -1 0 0</Rotation>
<Translation>0.22238890117466004 -0.12839629195797306 -1.0145002364420499</Translation>
</Transform>
</Instance>
<Instance name="Motor_Connector_Body-1" uid="Motor_Connector_Body-1" entityUid="Motor_Connector_Body*:*Default">
<Transform>
<Rotation>0 0 1 0 1 0 -1 0 0</Rotation>
<Translation>0.22238890117466004 -0.12839629195797306 -0.89320093749999896</Translation>
</Transform>
</Instance>
<Instance name="Main_Prop_Washer-1" uid="Main_Prop_Washer-1" entityUid="Main_Prop_Washer*:*Default">
<Transform>
<Rotation>0 0 1 0 1 0 -1 0 0</Rotation>
<Translation>0.22238890117466004 -0.12839629195797306 -1.09630012184152</Translation>
</Transform>
</Instance>
<Instance name="Motor_Housing-1" uid="Motor_Housing-1" entityUid="Motor_Housing*:*Default">
<Transform>
<Rotation>0 0 1 0 1 0 -1 0 0</Rotation>
<Translation>0.22238890117466004 -0.12839629195797306 -0.9874984375000001</Translation>
</Transform>
</Instance>
<Instance name="Main_Prop_Shoulder_Bolt-1" uid="Main_Prop_Shoulder_Bolt-1" entityUid="Main_Prop_Shoulder_Bolt*:*Default">
<Transform>
<Rotation>0 0 1 0 1 0 -1 0 0</Rotation>
<Translation>0.22238890117466004 -0.12839629195797306 -1.09630012184152</Translation>
</Transform>
</Instance>
<Instance name="Motor_Connector_Molding-1" uid="Motor_Connector_Molding-1" entityUid="Motor_Connector_Molding*:*Default">
<Transform>
<Rotation>1 0 0 0 1 0 0 0 1</Rotation>
<Translation>0.22238890117466004 -0.12839629195797306 -0.87224593749999901</Translation>
</Transform>
</Instance>
</Instance>
<Instance name="Main_Hull_Bottom_Strip-1" uid="Main_Hull_Bottom_Strip-1" entityUid="Main_Hull_Bottom_Strip*:*Default">
<Transform>
<Rotation>1 0 0 0 1 0 0 0 1</Rotation>
<Translation>0 0 0</Translation>
</Transform>
</Instance>
<Instance name="Side_Scanner_Sonar-1" uid="Side_Scanner_Sonar-1" entityUid="Side_Scanner_Sonar*:*Default">
<Transform>
<Rotation>1 0 0 0 1 0 0 0 1</Rotation>
<Translation>-0.14599999999999999 0 -0.65628917005806631</Translation>
</Transform>
</Instance>
<Instance name="Side_Scanner_Sonar-2" uid="Side_Scanner_Sonar-2" entityUid="Side_Scanner_Sonar*:*Default">
<Transform>
<Rotation>-1 0 0 0 1 0 0 0 -1</Rotation>
<Translation>0.14599999999999999 0 -0.65628917005806631</Translation>
</Transform>
</Instance>
</Instance>
<Instance name="SternHorThrusterTunnel^AUVBody_AUV-1" uid="SternHorThrusterTunnel^AUVBody_AUV-1" entityUid="SternHorThrusterTunnel^AUVBody_AUV" rigid="true">
<Transform>
<Rotation>1 0 0 0 1 0 0 0 1</Rotation>
<Translation>0 0 0</Translation>
</Transform>
<Instance name="Stern_Horizontal_Thruster_Tunnel-1" uid="Stern_Horizontal_Thruster_Tunnel-1" entityUid="Stern_Horizontal_Thruster_Tunnel*:*Default">
<Transform>
<Rotation>1 0 0 0 1 0 0 0 1</Rotation>
<Translation>0 0 0</Translation>
</Transform>
</Instance>
<Instance name="SternHorThrusterPropMount^SternHorThrusterTunnel_AUVBody_AUV-1" uid="SternHorThrusterPropMount^SternHorThrusterTunnel_AUVBody_AUV-1" entityUid="SternHorThrusterPropMount^SternHorThrusterTunnel_AUVBody_AUV" rigid="true">
<Transform>
<Rotation>1 0 0 0 1 0 0 0 1</Rotation>
<Translation>0 0 0</Translation>
</Transform>
<Instance name="Tunnel_Thruster_Prop_Hub-1" uid="Tunnel_Thruster_Prop_Hub-1" entityUid="Tunnel_Thruster_Prop_Hub*:*Default">
<Transform>
<Rotation>1 0 0 0 -1 0 0 0 -1</Rotation>
<Translation>0.010723637252151301 0 -1.4049999998265001</Translation>
</Transform>
</Instance>
<Instance name="Tunnel_Thruster_Shoulder_Bolt-2" uid="Tunnel_Thruster_Shoulder_Bolt-2" entityUid="Tunnel_Thruster_Shoulder_Bolt*:*Default">
<Transform>
<Rotation>1 0 0 0 0 -1 0 1 0</Rotation>
<Translation>0.052334183579346182 0 -1.405</Translation>
</Transform>
</Instance>
<Instance name="Tunnel_Thruster_Prop_Hub-2" uid="Tunnel_Thruster_Prop_Hub-2" entityUid="Tunnel_Thruster_Prop_Hub*:*Default">
<Transform>
<Rotation>-1 0 0 0 0 -1 0 -1 0</Rotation>
<Translation>-0.010723637252151301 0 -1.4050000000682998</Translation>
</Transform>
</Instance>
<Instance name="Tunnel_Thruster_Washer-2" uid="Tunnel_Thruster_Washer-2" entityUid="Tunnel_Thruster_Washer*:*Default">
<Transform>
<Rotation>1 0 0 0 0 -1 0 1 0</Rotation>
<Translation>0.051275148168721911 0 -1.405</Translation>
</Transform>
</Instance>
<Instance name="Tunnel_Thruster_Shoulder_Bolt-1" uid="Tunnel_Thruster_Shoulder_Bolt-1" entityUid="Tunnel_Thruster_Shoulder_Bolt*:*Default">
<Transform>
<Rotation>-1 0 0 0 0 -1 0 -1 0</Rotation>
<Translation>-0.052334183579346279 0 -1.405</Translation>
</Transform>
</Instance>
<Instance name="Tunnel_Thruster_Washer-1" uid="Tunnel_Thruster_Washer-1" entityUid="Tunnel_Thruster_Washer*:*Default">
<Transform>
<Rotation>1 0 0 0 0 -1 0 1 0</Rotation>
<Translation>-0.031185377369782101 0 -1.405</Translation>
</Transform>
</Instance>
<Instance name="Tunnel_Thruster_Prop_Mount-1" uid="Tunnel_Thruster_Prop_Mount-1" entityUid="Tunnel_Thruster_Prop_Mount*:*Default">
<Transform>
<Rotation>0 1 0 0 0 -1 -1 0 0</Rotation>
<Translation>-0.040000000000000001 0 -1.405</Translation>
</Transform>
</Instance>
</Instance>
</Instance>
<Instance name="BowHorThrusterTunnel^AUVBody_AUV-1" uid="BowHorThrusterTunnel^AUVBody_AUV-1" entityUid="BowHorThrusterTunnel^AUVBody_AUV" rigid="true">
<Transform>
<Rotation>1 0 0 0 1 0 0 0 1</Rotation>
<Translation>0 0 0</Translation>
</Transform>
<Instance name="Bow_Horizontal_Thruster_Tunnel-1" uid="Bow_Horizontal_Thruster_Tunnel-1" entityUid="Bow_Horizontal_Thruster_Tunnel*:*Default">
<Transform>
<Rotation>1 0 0 0 1 0 0 0 1</Rotation>
<Translation>0 0 0</Translation>
</Transform>
</Instance>
<Instance name="Altimeter-1" uid="Altimeter-1" entityUid="Altimeter*:*Default">
<Transform>
<Rotation>0.79988771761927413 0 0.60014968066460617 0 1 0 -0.60014968066460617 0 0.79988771761927413</Rotation>
<Translation>-0.044499999999999998 -0.097500000000000003 -0.12350186398917504</Translation>
</Transform>
</Instance>
<Instance name="Depth_Sensor-1" uid="Depth_Sensor-1" entityUid="Depth_Sensor*:*Default">
<Transform>
<Rotation>0.87794299230033279 0 -0.4787651848983358 0 1 0 0.4787651848983358 0 0.87794299230033279</Rotation>
<Translation>0.040000000000000001 -0.097500000000000003 -0.1235</Translation>
</Transform>
</Instance>
<Instance name="BowHorThrusterPropMount^BowHorThrusterTunnel_AUVBody_AUV-1" uid="BowHorThrusterPropMount^BowHorThrusterTunnel_AUVBody_AUV-1" entityUid="BowHorThrusterPropMount^BowHorThrusterTunnel_AUVBody_AUV" rigid="true">
<Transform>
<Rotation>1 0 0 0 1 0 0 0 1</Rotation>
<Translation>0 0 0</Translation>
</Transform>
<Instance name="Tunnel_Thruster_Shoulder_Bolt-2" uid="Tunnel_Thruster_Shoulder_Bolt-2" entityUid="Tunnel_Thruster_Shoulder_Bolt*:*Default">
<Transform>
<Rotation>1 0 0 0 0 -1 0 1 0</Rotation>
<Translation>0.052334183579346182 0 -0.245</Translation>
</Transform>
</Instance>
<Instance name="Tunnel_Thruster_Washer-2" uid="Tunnel_Thruster_Washer-2" entityUid="Tunnel_Thruster_Washer*:*Default">
<Transform>
<Rotation>1 0 0 0 0 -1 0 1 0</Rotation>
<Translation>0.051275148168721911 0 -0.245</Translation>
</Transform>
</Instance>
<Instance name="Tunnel_Thruster_Washer-1" uid="Tunnel_Thruster_Washer-1" entityUid="Tunnel_Thruster_Washer*:*Default">
<Transform>
<Rotation>1 0 0 0 0 -1 0 1 0</Rotation>
<Translation>-0.031185377369782101 0 -0.245</Translation>
</Transform>
</Instance>
<Instance name="Tunnel_Thruster_Prop_Hub-2" uid="Tunnel_Thruster_Prop_Hub-2" entityUid="Tunnel_Thruster_Prop_Hub*:*Default">
<Transform>
<Rotation>-1 0 0 0 0 -1 0 -1 0</Rotation>
<Translation>-0.010723637252151301 0 -0.245000000068303</Translation>
</Transform>
</Instance>
<Instance name="Tunnel_Thruster_Prop_Mount-1" uid="Tunnel_Thruster_Prop_Mount-1" entityUid="Tunnel_Thruster_Prop_Mount*:*Default">
<Transform>
<Rotation>0 1 0 0 0 -1 -1 0 0</Rotation>
<Translation>-0.040000000000000001 0 -0.245</Translation>
</Transform>
</Instance>
<Instance name="Tunnel_Thruster_Prop_Hub-1" uid="Tunnel_Thruster_Prop_Hub-1" entityUid="Tunnel_Thruster_Prop_Hub*:*Default">
<Transform>
<Rotation>1 0 0 0 -1 0 0 0 -1</Rotation>
<Translation>0.010723637252151301 0 -0.244999999826504</Translation>
</Transform>
</Instance>
<Instance name="Tunnel_Thruster_Shoulder_Bolt-1" uid="Tunnel_Thruster_Shoulder_Bolt-1" entityUid="Tunnel_Thruster_Shoulder_Bolt*:*Default">
<Transform>
<Rotation>-1 0 0 0 0 -1 0 -1 0</Rotation>
<Translation>-0.052334183579346279 0 -0.245</Translation>
</Transform>
</Instance>
</Instance>
</Instance>
<Instance name="SternHullCap^AUVBody_AUV-1" uid="SternHullCap^AUVBody_AUV-1" entityUid="SternHullCap^AUVBody_AUV" rigid="true">
<Transform>
<Rotation>1 0 0 0 1 0 0 0 1</Rotation>
<Translation>0 0 0</Translation>
</Transform>
<Instance name="Stern_Hull_Cap-1" uid="Stern_Hull_Cap-1" entityUid="Stern_Hull_Cap*:*Default">
<Transform>
<Rotation>1 0 0 0 1 0 0 0 1</Rotation>
<Translation>0 0 0</Translation>
</Transform>
</Instance>
<Instance name="Comms_Modem-1" uid="Comms_Modem-1" entityUid="Comms_Modem*:*Default">
<Transform>
<Rotation>0.48757095276150603 0 0.87308336716675394 -0.87308336716675394 0 0.48757095276150603 0 -1 0</Rotation>
<Translation>0 0 -1.6656262266807902</Translation>
</Transform>
</Instance>
</Instance>
</Instance>
<Instance name="PortProp^AUV-2" uid="PortProp^AUV-2" entityUid="PortProp^AUV" rigid="true">
<Transform>
<Rotation>1 0 0 0 1 0 0 0 1</Rotation>
<Translation>0 0 0</Translation>
</Transform>
<Instance name="Main_Prop_Hub_Bearing-1" uid="Main_Prop_Hub_Bearing-1" entityUid="Main_Prop_Hub_Bearing*:*Default">
<Transform>
<Rotation>0 0 1 0 1 0 -1 0 0</Rotation>
<Translation>0.22238890117466004 -0.12839629195797306 -1.0994322707835602</Translation>
</Transform>
</Instance>
<Instance name="Main_Prop-1" uid="Main_Prop-1" entityUid="Main_Prop*:*Default">
<Transform>
<Rotation>0.28471518220795394 -0.95861215568147873 0 0.95861215568147873 0.28471518220795394 0 0 0 1</Rotation>
<Translation>0.22238890117466004 -0.12839629195797306 -1.0168608375000001</Translation>
</Transform>
</Instance>
<Instance name="Main_Prop_Driven_Hub-1" uid="Main_Prop_Driven_Hub-1" entityUid="Main_Prop_Driven_Hub*:*Default">
<Transform>
<Rotation>0 0 1 0 1 0 -1 0 0</Rotation>
<Translation>0.22238890117466004 -0.12839629195797306 -1.0135270875</Translation>
</Transform>
</Instance>
<Instance name="Main_Prop_Hub-1" uid="Main_Prop_Hub-1" entityUid="Main_Prop_Hub*:*Default">
<Transform>
<Rotation>0 0 1 0 1 0 -1 0 0</Rotation>
<Translation>0.22238890117466004 -0.12839629195797306 -1.0524208375000002</Translation>
</Transform>
</Instance>
<Instance name="Main_Prop_Bearing-1" uid="Main_Prop_Bearing-1" entityUid="Main_Prop_Bearing*:*Default">
<Transform>
<Rotation>0 0 1 0 1 0 -1 0 0</Rotation>
<Translation>0.22238890117466004 -0.12839629195797306 -1.00894398644205</Translation>
</Transform>
</Instance>
</Instance>
<Instance name="StarboardProp^AUV-2" uid="StarboardProp^AUV-2" entityUid="StarboardProp^AUV" rigid="true">
<Transform>
<Rotation>1 0 0 0 1 0 0 0 1</Rotation>
<Translation>0 0 0</Translation>
</Transform>
<Instance name="Main_Prop_Hub-1" uid="Main_Prop_Hub-1" entityUid="Main_Prop_Hub*:*Default">
<Transform>
<Rotation>0 0 1 0 1 0 -1 0 0</Rotation>
<Translation>-0.22238890117466004 -0.12839629195797306 -1.0522224</Translation>
</Transform>
</Instance>
<Instance name="Main_Prop_Hub_Bearing-1" uid="Main_Prop_Hub_Bearing-1" entityUid="Main_Prop_Hub_Bearing*:*Default">
<Transform>
<Rotation>0 0 1 0 1 0 -1 0 0</Rotation>
<Translation>-0.22238890117466004 -0.12839629195797306 -1.0992338332835601</Translation>
</Transform>
</Instance>
<Instance name="Main_Prop-1" uid="Main_Prop-1" entityUid="Main_Prop*:*Default">
<Transform>
<Rotation>0.28471518220795394 -0.95861215568147873 0 0.95861215568147873 0.28471518220795394 0 0 0 1</Rotation>
<Translation>-0.22238890117466004 -0.12839629195797306 -1.0166624</Translation>
</Transform>
</Instance>
<Instance name="Main_Prop_Driven_Hub-1" uid="Main_Prop_Driven_Hub-1" entityUid="Main_Prop_Driven_Hub*:*Default">
<Transform>
<Rotation>0 0 1 0 1 0 -1 0 0</Rotation>
<Translation>-0.22238890117466004 -0.12839629195797306 -1.0133286500000001</Translation>
</Transform>
</Instance>
<Instance name="Main_Prop_Bearing-1" uid="Main_Prop_Bearing-1" entityUid="Main_Prop_Bearing*:*Default">
<Transform>
<Rotation>0 0 1 0 1 0 -1 0 0</Rotation>
<Translation>-0.22238890117466004 -0.12839629195797306 -1.00874554894205</Translation>
</Transform>
</Instance>
</Instance>
<Instance name="BowHorThrusterProp^AUV-1" uid="BowHorThrusterProp^AUV-1" entityUid="BowHorThrusterProp^AUV" rigid="true">
<Transform>
<Rotation>1 0 0 0 1 0 0 0 1</Rotation>
<Translation>0 0 0</Translation>
</Transform>
<Instance name="Tunnel_Thruster_Prop_Hub_Bearing-1" uid="Tunnel_Thruster_Prop_Hub_Bearing-1" entityUid="Tunnel_Thruster_Prop_Hub_Bearing*:*Default">
<Transform>
<Rotation>-1 0 0 0 0 -1 0 -1 0</Rotation>
<Translation>-0.055374081285427694 0 -0.245</Translation>
</Transform>
</Instance>
<Instance name="Tunnel_Thruster_Prop-1" uid="Tunnel_Thruster_Prop-1" entityUid="Tunnel_Thruster_Prop*:*Default">
<Transform>
<Rotation>0 0 1 0.18359229064284904 0.98300247752307912 0 -0.98300247752307912 0.18359229064284904 0</Rotation>
<Translation>0.017354795265638802 0 -0.245000072040926</Translation>
</Transform>
</Instance>
<Instance name="Tunnel_Thruster_Prop_Hub_Bearing-2" uid="Tunnel_Thruster_Prop_Hub_Bearing-2" entityUid="Tunnel_Thruster_Prop_Hub_Bearing*:*Default">
<Transform>
<Rotation>1 0 0 0 0 -1 0 1 0</Rotation>
<Translation>0.055374081285427694 0 -0.245</Translation>
</Transform>
</Instance>
</Instance>
<Instance name="BowVerThrusterProp^AUV-1" uid="BowVerThrusterProp^AUV-1" entityUid="BowVerThrusterProp^AUV" rigid="true">
<Transform>
<Rotation>1 0 0 0 1 0 0 0 1</Rotation>
<Translation>0 0 0</Translation>
</Transform>
<Instance name="Tunnel_Thruster_Prop-1" uid="Tunnel_Thruster_Prop-1" entityUid="Tunnel_Thruster_Prop*:*Default">
<Transform>
<Rotation>-0.18359229064284904 -0.98300247752307912 0 0 0 1 -0.98300247752307912 0.18359229064284904 0</Rotation>
<Translation>0 0.017354795265638802 -0.38500007204092601</Translation>
</Transform>
</Instance>
<Instance name="Tunnel_Thruster_Prop_Hub_Bearing-1" uid="Tunnel_Thruster_Prop_Hub_Bearing-1" entityUid="Tunnel_Thruster_Prop_Hub_Bearing*:*Default">
<Transform>
<Rotation>0 0 1 -1 0 0 0 -1 0</Rotation>
<Translation>0 -0.055374081285427694 -0.38500000000000001</Translation>
</Transform>
</Instance>
<Instance name="Tunnel_Thruster_Prop_Hub_Bearing-2" uid="Tunnel_Thruster_Prop_Hub_Bearing-2" entityUid="Tunnel_Thruster_Prop_Hub_Bearing*:*Default">
<Transform>
<Rotation>0 0 1 1 0 0 0 1 0</Rotation>
<Translation>0 0.055374081285427694 -0.38500000000000001</Translation>
</Transform>
</Instance>
</Instance>
<Instance name="SternHorThrusterProp^AUV-1" uid="SternHorThrusterProp^AUV-1" entityUid="SternHorThrusterProp^AUV" rigid="true">
<Transform>
<Rotation>1 0 0 0 1 0 0 0 1</Rotation>
<Translation>0 0 0</Translation>
</Transform>
<Instance name="Tunnel_Thruster_Prop_Hub_Bearing-2" uid="Tunnel_Thruster_Prop_Hub_Bearing-2" entityUid="Tunnel_Thruster_Prop_Hub_Bearing*:*Default">
<Transform>
<Rotation>1 0 0 0 0 -1 0 1 0</Rotation>
<Translation>0.055374081285427694 0 -1.405</Translation>
</Transform>
</Instance>
<Instance name="Tunnel_Thruster_Prop_Hub_Bearing-1" uid="Tunnel_Thruster_Prop_Hub_Bearing-1" entityUid="Tunnel_Thruster_Prop_Hub_Bearing*:*Default">
<Transform>
<Rotation>-1 0 0 0 0 -1 0 -1 0</Rotation>
<Translation>-0.055374081285427694 0 -1.405</Translation>
</Transform>
</Instance>
<Instance name="Tunnel_Thruster_Prop-1" uid="Tunnel_Thruster_Prop-1" entityUid="Tunnel_Thruster_Prop*:*Default">
<Transform>
<Rotation>0 0 1 0.18359229064284904 0.98300247752307912 0 -0.98300247752307912 0.18359229064284904 0</Rotation>
<Translation>0.017354795265638802 0 -1.4050000720409301</Translation>
</Transform>
</Instance>
</Instance>
<Instance name="SternVerThrusterProp^AUV-1" uid="SternVerThrusterProp^AUV-1" entityUid="SternVerThrusterProp^AUV" rigid="true">
<Transform>
<Rotation>1 0 0 0 1 0 0 0 1</Rotation>
<Translation>0 0 0</Translation>
</Transform>
<Instance name="Tunnel_Thruster_Prop_Hub_Bearing-1" uid="Tunnel_Thruster_Prop_Hub_Bearing-1" entityUid="Tunnel_Thruster_Prop_Hub_Bearing*:*Default">
<Transform>
<Rotation>0 0 -1 -1 0 0 0 1 0</Rotation>
<Translation>0 -0.055374081285427694 -1.2650000000000001</Translation>
</Transform>
</Instance>
<Instance name="Tunnel_Thruster_Prop-1" uid="Tunnel_Thruster_Prop-1" entityUid="Tunnel_Thruster_Prop*:*Default">
<Transform>
<Rotation>0.18359229064284904 0.98300247752307912 0 0 0 1 0.98300247752307912 -0.18359229064284904 0</Rotation>
<Translation>0 0.017354795265638802 -1.26499992795907</Translation>
</Transform>
</Instance>
<Instance name="Tunnel_Thruster_Prop_Hub_Bearing-2" uid="Tunnel_Thruster_Prop_Hub_Bearing-2" entityUid="Tunnel_Thruster_Prop_Hub_Bearing*:*Default">
<Transform>
<Rotation>0 0 -1 1 0 0 0 -1 0</Rotation>
<Translation>0 0.055374081285427694 -1.2650000000000001</Translation>
</Transform>
</Instance>
</Instance>
</InstanceTree>
<Constraints>
<Coincident name="Coincident2">
<ConstraintGeometry geomType="plane">
<InstancePath>
<Uid>AUVBody^AUV-1</Uid>
<Uid>MainHull^AUVBody_AUV-1</Uid>
<Uid>PortMotor^MainHull_AUVBody_AUV-1</Uid>
<Uid>Motor_Membrane_Seal-1</Uid>
</InstancePath>
<Position>0.0019050000000000455 -0.018507456000000005 0.018507456000000033</Position>
<Axis>1 0 0</Axis>
</ConstraintGeometry>
<ConstraintGeometry geomType="plane">
<InstancePath>
<Uid>PortProp^AUV-2</Uid>
<Uid>Main_Prop_Bearing-1</Uid>
</InstancePath>
<Position>0 -0.019278600000000007 -0.019278600000000007</Position>
<Axis>-1 0 0</Axis>
</ConstraintGeometry>
</Coincident>
<Concentric name="Concentric1">
<ConstraintGeometry geomType="circle">
<InstancePath>
<Uid>AUVBody^AUV-1</Uid>
<Uid>MainHull^AUVBody_AUV-1</Uid>
<Uid>PortMotor^MainHull_AUVBody_AUV-1</Uid>
<Uid>Motor_Membrane_Seal-1</Uid>
</InstancePath>
<Position>0.0019050000000000455 0 0</Position>
<Axis>1 0 0</Axis>
</ConstraintGeometry>
<ConstraintGeometry geomType="circle">
<InstancePath>
<Uid>PortProp^AUV-2</Uid>
<Uid>Main_Prop_Bearing-1</Uid>
</InstancePath>
<Position>0 0 0</Position>
<Axis>-1 0 0</Axis>
</ConstraintGeometry>
</Concentric>
<Coincident name="Coincident3">
<ConstraintGeometry geomType="plane">
<InstancePath>
<Uid>AUVBody^AUV-1</Uid>
<Uid>MainHull^AUVBody_AUV-1</Uid>
<Uid>StarboardMotor^MainHull_AUVBody_AUV-1</Uid>
<Uid>Motor_Membrane_Seal-1</Uid>
</InstancePath>
<Position>0.0019050000000000455 -0.018507456000000005 0.018507456000000005</Position>
<Axis>1 0 0</Axis>
</ConstraintGeometry>
<ConstraintGeometry geomType="plane">
<InstancePath>
<Uid>StarboardProp^AUV-2</Uid>
<Uid>Main_Prop_Bearing-1</Uid>
</InstancePath>
<Position>0 -0.019278600000000007 -0.019278600000000007</Position>
<Axis>-1 0 0</Axis>
</ConstraintGeometry>
</Coincident>
<Concentric name="Concentric2">
<ConstraintGeometry geomType="circle">
<InstancePath>
<Uid>AUVBody^AUV-1</Uid>
<Uid>MainHull^AUVBody_AUV-1</Uid>
<Uid>StarboardMotor^MainHull_AUVBody_AUV-1</Uid>
<Uid>Motor_Membrane_Seal-1</Uid>
</InstancePath>
<Position>0.0019050000000000455 0 0</Position>
<Axis>1 0 0</Axis>
</ConstraintGeometry>
<ConstraintGeometry geomType="circle">
<InstancePath>
<Uid>StarboardProp^AUV-2</Uid>
<Uid>Main_Prop_Bearing-1</Uid>
</InstancePath>
<Position>0 0 0</Position>
<Axis>-1 0 0</Axis>
</ConstraintGeometry>
</Concentric>
<Coincident name="Coincident4">
<ConstraintGeometry geomType="plane">
<InstancePath>
<Uid>AUVBody^AUV-1</Uid>
<Uid>BowHorThrusterTunnel^AUVBody_AUV-1</Uid>
<Uid>BowHorThrusterPropMount^BowHorThrusterTunnel_AUVBody_AUV-1</Uid>
<Uid>Tunnel_Thruster_Prop_Hub-1</Uid>
</InstancePath>
<Position>0.0034792612989999992 -0.015297333404999999 -0.015297333162999999</Position>
<Axis>-1 0 0</Axis>
</ConstraintGeometry>
<ConstraintGeometry geomType="plane">
<InstancePath>
<Uid>BowHorThrusterProp^AUV-1</Uid>
<Uid>Tunnel_Thruster_Prop-1</Uid>
</InstancePath>
<Position>-0.015194737927000018 -0.015194655814999999 -0.0031518967149999997</Position>
<Axis>0 0 1</Axis>
</ConstraintGeometry>
</Coincident>
<Concentric name="Concentric3">
<ConstraintGeometry geomType="circle">
<InstancePath>
<Uid>AUVBody^AUV-1</Uid>
<Uid>BowHorThrusterTunnel^AUVBody_AUV-1</Uid>
<Uid>BowHorThrusterPropMount^BowHorThrusterTunnel_AUVBody_AUV-1</Uid>
<Uid>Tunnel_Thruster_Prop_Hub-1</Uid>
</InstancePath>
<Position>0.0034792612989999992 -6.7999999999999998e-11 1.7300000321185394e-10</Position>
<Axis>-1 0 0</Axis>
</ConstraintGeometry>
<ConstraintGeometry geomType="circle">
<InstancePath>
<Uid>BowHorThrusterProp^AUV-1</Uid>
<Uid>Tunnel_Thruster_Prop-1</Uid>
</InstancePath>
<Position>-7.1260000011896807e-08 1.0852000000005635e-08 -0.0031518967149999997</Position>
<Axis>0 0 1</Axis>
</ConstraintGeometry>
</Concentric>
<Coincident name="Coincident5">
<ConstraintGeometry geomType="plane">
<InstancePath>
<Uid>AUVBody^AUV-1</Uid>
<Uid>BowVerThrusterTunnel^AUVBody_AUV-1</Uid>
<Uid>BowVerThrusterPropMount^BowVerThrusterTunnel_AUVBody_AUV-1</Uid>
<Uid>Tunnel_Thruster_Prop_Hub-1</Uid>
</InstancePath>
<Position>0.0034792612989999992 -0.015297333404999999 -0.015297333163000026</Position>
<Axis>-1 0 0</Axis>
</ConstraintGeometry>
<ConstraintGeometry geomType="plane">
<InstancePath>
<Uid>BowVerThrusterProp^AUV-1</Uid>
<Uid>Tunnel_Thruster_Prop-1</Uid>
</InstancePath>
<Position>-0.01519473792699999 -0.015194655815000013 -0.0031518967149999997</Position>
<Axis>0 0 1</Axis>
</ConstraintGeometry>
</Coincident>
<Concentric name="Concentric4">
<ConstraintGeometry geomType="circle">
<InstancePath>
<Uid>AUVBody^AUV-1</Uid>
<Uid>BowVerThrusterTunnel^AUVBody_AUV-1</Uid>
<Uid>BowVerThrusterPropMount^BowVerThrusterTunnel_AUVBody_AUV-1</Uid>
<Uid>Tunnel_Thruster_Prop_Hub-1</Uid>
</InstancePath>
<Position>0.0034792612989999992 -6.7999999999999998e-11 1.7300000321185394e-10</Position>
<Axis>-1 0 0</Axis>
</ConstraintGeometry>
<ConstraintGeometry geomType="circle">
<InstancePath>
<Uid>BowVerThrusterProp^AUV-1</Uid>
<Uid>Tunnel_Thruster_Prop-1</Uid>
</InstancePath>
<Position>-7.1260000011896807e-08 1.0851999993066741e-08 -0.0031518967149999997</Position>
<Axis>0 0 1</Axis>
</ConstraintGeometry>
</Concentric>
<Coincident name="Coincident6">
<ConstraintGeometry geomType="plane">
<InstancePath>
<Uid>AUVBody^AUV-1</Uid>
<Uid>SternVerThrusterTunnel^AUVBody_AUV-1</Uid>
<Uid>SternVerThrusterPropMount^SternVerThrusterTunnel_AUVBody_AUV-1</Uid>
<Uid>Tunnel_Thruster_Prop_Hub-1</Uid>
</InstancePath>
<Position>0.0034792612989999992 -0.015297333404999999 -0.015297333162999971</Position>
<Axis>-1 0 0</Axis>
</ConstraintGeometry>
<ConstraintGeometry geomType="plane">
<InstancePath>
<Uid>SternVerThrusterProp^AUV-1</Uid>
<Uid>Tunnel_Thruster_Prop-1</Uid>
</InstancePath>
<Position>-0.015194737927000102 -0.015194655814999986 -0.0031518967149999997</Position>
<Axis>0 0 1</Axis>
</ConstraintGeometry>
</Coincident>
<Concentric name="Concentric5">
<ConstraintGeometry geomType="circle">
<InstancePath>
<Uid>AUVBody^AUV-1</Uid>
<Uid>SternVerThrusterTunnel^AUVBody_AUV-1</Uid>
<Uid>SternVerThrusterPropMount^SternVerThrusterTunnel_AUVBody_AUV-1</Uid>
<Uid>Tunnel_Thruster_Prop_Hub-1</Uid>
</InstancePath>
<Position>0.0034792612989999992 -6.7999999999999998e-11 1.7300005872300517e-10</Position>
<Axis>-1 0 0</Axis>
</ConstraintGeometry>
<ConstraintGeometry geomType="circle">
<InstancePath>
<Uid>SternVerThrusterProp^AUV-1</Uid>
<Uid>Tunnel_Thruster_Prop-1</Uid>
</InstancePath>
