% -------------------------------------------------------------------
%  Generated by MATLAB on 5-Apr-2021 14:36:20
%  MATLAB version: 9.9.0.1524771 (R2020b) Update 2
% -------------------------------------------------------------------
                                            

currentadjust = 0.7;

smiData = struct;
smiData.RigidTransform = struct;
smiData.RigidTransform(1).translation = ...
  [-0.22238890117466004 -0.12839629195797306 -1.00874554894205];
smiData.RigidTransform(1).angle = 3.1415926535897931;
smiData.RigidTransform(1).axis = [1 0 -1.1102230246251563E-16];
smiData.RigidTransform(1).ID = 'B[AUVBody^AUV-1:-:StarboardProp^AUV-2]';
smiData.RigidTransform(2).translation = ...
  [-0.22238890117466004 -0.12839629195797306 -1.00874554894205];
smiData.RigidTransform(2).angle = 3.1415926535897931;
smiData.RigidTransform(2).axis = [1 0 -1.1102230246251563E-16];
smiData.RigidTransform(2).ID = 'F[AUVBody^AUV-1:-:StarboardProp^AUV-2]';
smiData.RigidTransform(3).translation = ...
  [-6.8000000595647148E-11 0.0142028985511513 -0.38499999999950396];
smiData.RigidTransform(3).angle = 2.0943951023931957;
smiData.RigidTransform(3).axis = [0.57735026918962584 -0.57735026918962573 ...
                                  0.57735026918962573];
smiData.RigidTransform(3).ID = ['B[AUVBody^AUV-1:-:BowVerThrusterProp^A' ...
                                'UV-1]'];
smiData.RigidTransform(4).translation = ...
  [-6.8000000595647148E-11 0.0142028985511513 -0.38499999999950396];
smiData.RigidTransform(4).angle = 2.0943951023931957;
smiData.RigidTransform(4).axis = [0.577350269189626 -0.57735026918962573 ...
                                  0.57735026918962562];
smiData.RigidTransform(4).ID = ['F[AUVBody^AUV-1:-:BowVerThrusterProp^A' ...
                                'UV-1]'];
smiData.RigidTransform(5).translation = ...
  [6.8000000161966279E-11 0.0142028985511513 -1.2650000000005];
smiData.RigidTransform(5).angle = 2.0943951023931957;
smiData.RigidTransform(5).axis = [0.57735026918962584 -0.57735026918962573 ...
                                  0.57735026918962573];
smiData.RigidTransform(5).ID = ['B[AUVBody^AUV-1:-:SternVerThrusterProp' ...
                                '^AUV-1]'];
smiData.RigidTransform(6).translation = ...
  [6.8000000161966279E-11 0.0142028985511513 -1.2650000000005];
smiData.RigidTransform(6).angle = 2.0943951023931957;
smiData.RigidTransform(6).axis = [0.577350269189626 -0.57735026918962573 ...
                                  0.57735026918962562];
smiData.RigidTransform(6).ID = ['F[AUVBody^AUV-1:-:SternVerThrusterProp' ...
                                '^AUV-1]'];
smiData.RigidTransform(7).translation = ...
  [0.22238890117466004 -0.12839629195797306 -1.0089439864420502];
smiData.RigidTransform(7).angle = 3.1415926535897931;
smiData.RigidTransform(7).axis = [1 0 -1.1102230246251563E-16];
smiData.RigidTransform(7).ID = 'B[AUVBody^AUV-1:-:PortProp^AUV-2]';
smiData.RigidTransform(8).translation = ...
  [0.22238890117466004 -0.12839629195797306 -1.0089439864420502];
smiData.RigidTransform(8).angle = 3.1415926535897931;
smiData.RigidTransform(8).axis = [1 0 -1.1102230246251563E-16];
smiData.RigidTransform(8).ID = 'F[AUVBody^AUV-1:-:PortProp^AUV-2]';
smiData.RigidTransform(9).translation = ...
  [0.0142028985511513 6.8E-11 -0.244999999999504];
smiData.RigidTransform(9).angle = 2.0943951023931953;
smiData.RigidTransform(9).axis = [-0.57735026918962584 -0.57735026918962584 ...
                                  0.57735026918962584];
smiData.RigidTransform(9).ID = ['B[AUVBody^AUV-1:-:BowHorThrusterProp^A' ...
                                'UV-1]'];
smiData.RigidTransform(10).translation = ...
  [0.0142028985511513 6.8E-11 -0.244999999999504];
smiData.RigidTransform(10).angle = 2.0943951023931953;
smiData.RigidTransform(10).axis = [-0.57735026918962584 -0.57735026918962584 ...
                                   0.57735026918962584];
smiData.RigidTransform(10).ID = ['F[AUVBody^AUV-1:-:BowHorThrusterProp^' ...
                                 'AUV-1]'];
smiData.RigidTransform(11).translation = ...
  [0.0142028985511513 6.8E-11 -1.4049999999995002];
smiData.RigidTransform(11).angle = 2.0943951023931953;
smiData.RigidTransform(11).axis = [-0.57735026918962584 -0.57735026918962584 ...
                                   0.57735026918962584];
smiData.RigidTransform(11).ID = ['B[AUVBody^AUV-1:-:SternHorThrusterPro' ...
                                 'p^AUV-1]'];
smiData.RigidTransform(12).translation = ...
  [0.0142028985511513 6.8E-11 -1.4049999999995002];
smiData.RigidTransform(12).angle = 2.0943951023931953;
smiData.RigidTransform(12).axis = [-0.57735026918962584 -0.57735026918962584 ...
                                   0.57735026918962584];
smiData.RigidTransform(12).ID = ['F[AUVBody^AUV-1:-:SternHorThrusterPro' ...
                                 'p^AUV-1]'];
smiData.RigidTransform(13).translation = ...
  [0 0.017354795265638802 -1.26499992795907];
smiData.RigidTransform(13).angle = 1.9912819856447306;
smiData.RigidTransform(13).axis = [-0.648266085291452 -0.53840091133879764 ...
                                   -0.53840091133879764];
smiData.RigidTransform(13).ID = ['AssemblyGround[SternVerThrusterProp^A' ...
                                 'UV-1:Tunnel_Thruster_Prop-1]'];
smiData.RigidTransform(14).translation = ...
  [0 -0.055374081285427694 -1.2650000000000001];
smiData.RigidTransform(14).angle = 2.0943951023931953;
smiData.RigidTransform(14).axis = [0.57735026918962584 -0.57735026918962584 ...
                                   -0.57735026918962584];
smiData.RigidTransform(14).ID = ['AssemblyGround[SternVerThrusterProp^A' ...
                                 'UV-1:Tunnel_Thruster_Prop_Hub_Bearing' ...
                                 '-1]'];
smiData.RigidTransform(15).translation = ...
  [0 0.055374081285427694 -1.2650000000000001];
smiData.RigidTransform(15).angle = 2.0943951023931953;
smiData.RigidTransform(15).axis = [-0.57735026918962584 -0.57735026918962584 ...
                                   0.57735026918962584];
smiData.RigidTransform(15).ID = ['AssemblyGround[SternVerThrusterProp^A' ...
                                 'UV-1:Tunnel_Thruster_Prop_Hub_Bearing' ...
                                 '-2]'];
smiData.RigidTransform(16).translation = ...
  [0.051275148168721911 0 -0.245];
smiData.RigidTransform(16).angle = 1.5707963267948968;
smiData.RigidTransform(16).axis = [1 0 0];
smiData.RigidTransform(16).ID = ['AssemblyGround[AUVBody^AUV-1:BowHorTh' ...
                                 'rusterTunnel^AUVBody_AUV-1:BowHorThru' ...
                                 'sterPropMount^BowHorThrusterTunnel_AU' ...
                                 'VBody_AUV-1:Tunnel_Thruster_Washer-2]' ...
                                 ''];
smiData.RigidTransform(17).translation = ...
  [-0.04 0 -0.245];
smiData.RigidTransform(17).angle = 2.0943951023931953;
smiData.RigidTransform(17).axis = [0.57735026918962584 0.57735026918962584 ...
                                   -0.57735026918962584];
smiData.RigidTransform(17).ID = ['AssemblyGround[AUVBody^AUV-1:BowHorTh' ...
                                 'rusterTunnel^AUVBody_AUV-1:BowHorThru' ...
                                 'sterPropMount^BowHorThrusterTunnel_AU' ...
                                 'VBody_AUV-1:Tunnel_Thruster_Prop_Moun' ...
                                 't-1]'];
smiData.RigidTransform(18).translation = ...
  [0.010723637252151301 0 -0.244999999826504];
smiData.RigidTransform(18).angle = 3.1415926535897931;
smiData.RigidTransform(18).axis = [1 0 0];
smiData.RigidTransform(18).ID = ['AssemblyGround[AUVBody^AUV-1:BowHorTh' ...
                                 'rusterTunnel^AUVBody_AUV-1:BowHorThru' ...
                                 'sterPropMount^BowHorThrusterTunnel_AU' ...
                                 'VBody_AUV-1:Tunnel_Thruster_Prop_Hub-' ...
                                 '1]'];
smiData.RigidTransform(19).translation = ...
  [-0.0311853773697821 0 -0.245];
